1665624
1665624
1711112
1711170
1748355
1748355
1748355
1748355
1881434
1881435
1951645
1952049
1952052
2029659
2029659
2031986
2031986
2031986
2031986
2040017
2041522
2041522
2041522
2042202
2042202
2043053
2043053
2043210
2043210
2043210
2043213
2043213
2043213
2043217
2043217
2043217
2043217
2043218
2043218
2043235
2043235
2043235
2043256
2043256
2043256
2043256
2043262
2043262
2043262
2043262
2043262
2043263
2043263
2043267
2043267
2043267
2043267
2043267
2043267
2043267
2043267
2043267
2043267
2043287
2043310
2043340
2043346
2043617
2044670
2044670
2044670
2044676
2044676
2044676
2044680
2044680
2044680
2044685
2044685
2044685
2044685
2044685
2044685
2044685
2044726
2044726
2044726
2044732
2044732
2044902
2044902
2044902
2044902
2044921
2044921
2044921
2044944
2044944
2044944
2044948
2044948
2044955
2044955
2044955
2044955
2044972
2044972
2044972
2044973
2044973
2044973
2044973
2047619
2051783
2052029
2052029
2052029
2052029
2052029
2052029
2052029
2052029
2052029
2052031
2063040
2063040
2063050
2063050
2063050
2063050
2066991
2066991
2066994
2066997
2067001
2067033
2067033
2067048
2067048
2067055
2067058
2067059
2067059
2067061
2067061
2067063
2067063
2067131
2067132
2070311
2135278
2141570
2141574
2145275
2145277
2166218
2166220
2166222
2180068
2180072
2180072
2180075
2180102
2180103
2180104
2180104
2180106
2180153
2180555
2180558
2180558
2180558
2180558
2180561
2180565
2180590
2180593
2180593
2180622
2181703
2184496
2184496
2184553
2184553
2184626
2184631
2184633
2184636
2184639
2184648
2184649
2184650
2184650
2184651
2184651
2184652
2184697
2184697
2184697
2184700
2184886
2184886
2184886
2184888
2184895
2187094
2187094
2187095
2187099
2187100
2187123
2187123
2187135
2187135
2188142
2188142
2188142
2188176
2188176
2188178
2188194
2188195
2188195
2188196
2188196
2188356
2188358
2188365
2188405
2188405
2188408
2188416
2188420
2188420
2188420
2188420
2188421
2188421
2188458
2188464
2188467
2188489
2188635
2188663
2188678
2188683
2209802
2209914
2209914
2209914
2209914
2214773
2214773
2214773
2214773
2214773
2222678
2222678
2222678
2222678
2222678
2223778
2223778
2223778
2223778
2223778
2223791
2223791
2223791
2223791
2223794
2223794
2223794
2223794
2223794
2223794
2223799
2223799
2223799
2223799
2223799
2223799
2244257
2244257
2244257
2244257
2244257
2244257
2244257
2244270
2244270
2244270
2244270
2244270
2244270
2244270
2275739
2275739
2275741
2275741
2275742
2275742
2275745
2275745
2275747
2275747
2275755
2275755
2275762
2275762
2275763
2275763
2275763
2275833
2275833
2275833
2275833
2275836
2275836
2275839
2275839
2275840
2275840
2275841
2275841
2275842
2275842
2275845
2275845
2275848
2275848
2275849
2275849
2275849
2275849
2275849
2275849
2275849
2275850
2275850
2279343
2279343
2279344
2279344
2279345
2279345
2317268
2317268
2317268
2317268
2317268
2317268
2317268
2317268
2324371
2324371
2324371
2324418
2324418
2324418
2324418
2324596
2324596
2324596
2324598
2324598
2324598
2324600
2324600
2325255
2325257
2325300
2325300
2325300
2325300
2325301
2325301
2325301
2325302
2325302
2325302
2336602
2336602
2336602
2336602
2336602
2337792
2337792
2337794
2337794
2337794
2337794
2337794
2337798
2337798
2337798
2337798
2337798
2337798
2337798
2337798
2337951
2337951
2337951
2337951
2337952
2337952
2339190
2339190
2339190
2339193
2339193
2339193
2339193
2339194
2339194
2339194
2339668
2339669
2340898
2341103
2341110
2342070
2342422
2345757
2345757
2345757
2345757
2345757
2345757
2345757
2345757
2345757
2345757
2345757
2345757
2345757
2345757
2345757
2345759
2345759
2345768
2345783
2345783
2353611
2380994
2380994
2380994
2380997
2380997
2380998
2380998
2381000
2381000
2381000
2381109
2381109
2381111
2381111
2381111
2381111
2381112
2381112
2381115
2381115
2387484
2387484
2387565
2387565
2387565
2387565
2387565
2387565
2387594
2387594
2387594
2387594
2387594
2387594
2388900
2388900
2388900
2388903
2388903
2388903
2388935
2388935
2388935
2388935
2388935
2388935
2388936
2388936
2388936
2389109
2389109
2389109
2389109
2389109
2389109
2391827
2391828
2393742
2393742
2393742
2393742
2393745
2393745
2393745
2393745
2393745
2393745
2393747
2393747
2393747
2393748
2393748
2393748
2393748
2393748
2393748
2393756
2393756
2393756
2393756
2393757
2393757
2393757
2393757
2393757
2393757
2393757
2393757
2393760
2393760
2393760
2393760
2393760
2393760
2393760
2393760
2393760
2393760
2393760
2393762
2393762
2393762
2393762
2393762
2393762
2393762
2393762
2393762
2393764
2393764
2393764
2393764
2393764
2393764
2393764
2393764
2393764
2393764
2393767
2393767
2393767
2393767
2393767
2393767
2393767
2393767
2393767
2393769
2393769
2393769
2393769
2393769
2393769
2393769
2393769
2393769
2393769
2393769
2393770
2393770
2393771
2393771
2393771
2393771
2393771
2393771
2393771
2393771
2393772
2393772
2393772
2393772
2393772
2393772
2393772
2393774
2393774
2393774
2393774
2393774
2393774
2393774
2393774
2393774
2393774
2393775
2393775
2393775
2393775
2393775
2393775
2393775
2393778
2393778
2393778
2393778
2393778
2393778
2393778
2393779
2393779
2393780
2393780
2393781
2393781
2393781
2393781
2393781
2393781
2393781
2393781
2393781
2393783
2393783
2394147
2394147
2394150
2394151
2394402
2394402
2394420
2394420
2394420
2394420
2394420
2394420
2394420
2394421
2394421
2394421
2394421
2394421
2394421
2394424
2394424
2394424
2394424
2394424
2394425
2394425
2394425
2394425
2394425
2394425
2394426
2394426
2394426
2394426
2394426
2394426
2394426
2394614
2394614
2394614
2394614
2394614
2394614
2394614
2394614
2394614
2394614
2394616
2394616
2394616
2394616
2398336
2398336
2401016
2401016
2401016
2401016
2401016
2401093
2401093
2401093
2401093
2401093
2401180
2401180
2401221
2401299
2401299
2401299
2401851
2401851
2401851
2401851
2401851
2401851
2401981
2401981
2404387
2404485
2404490
2422915
2422915
2423017
2423017
2423018
2423018
2423018
2423018
2423019
2423019
2423019
2423019
2423048
2423056
2423056
2423073
2423073
2423073
2423073
2423073
2423073
2423082
2423083
2423083
2423083
2423083
2423085
2423085
2423085
2423086
2423086
2423086
2423086
2423092
2423093
2423093
2423093
2423094
2423094
2423094
2423095
2423096
2423136
2423140
2423163
2423163
2423163
2423220
2423220
2423220
2423220
2423220
2424896
2424902
2424902
2424902
2424902
2424902
2424902
2424902
2424902
2424902
2424906
2469731
2469731
2469731
2469731
2469731
2469731
2469731
2470351
2477240
2477242
2477242
2477242
2477243
2477255
2477255
2477255
2477259
2477261
2477265
2477268
2477268
2477270
2477270
2477270
2477270
2477270
2478820
2478820
2478820
2478826
2478853
2478879
2478879
2478879
2480320
2480320
2480320
2480849
2482672
2482672
2482672
2482675
2483015
2487242
2487242
2487242
2487242
2487242
2487242
2487242
2487242
2487242
2487242
2487242
2487242
2487243
2499329
2499329
2499330
2499330
2499332
2499332
2499333
2499333
2546068
2546069
2546128
2546130
2546133
2546135
2546135
2546138
2546143
2546144
2546149
2546695
2546701
2546705
2546753
2546830
2546830
2546830
2546886
2546886
2546886
2546886
2546886
2546897
2546897
2546897
2546897
2546897
2546897
2546904
2546904
2546904
2546904
2546904
2546904
2546929
2546929
2546929
2546929
2546929
2546931
2546932
2546932
2546932
2546990
2546990
2546990
2546990
2546990
2546990
2546990
2547403
2547403
2548011
2548011
2548015
2548015
2548016
2548016
2548018
2548018
2548037
2548037
2548037
2548045
2548045
2548048
2548048
2548050
2548050
2548062
2548062
2548064
2548064
2550988
2551660
2551660
2552616
2552616
2552618
2553890
2553890
2553890
2553890
2560444
2560444
2582680
2582680
2590531
2590535
2590546
2590549
2590549
2590552
2590553
2590556
2590556
2590557
2590606
2590615
2590622
2590688
2590690
2593116
2594044
2594045
2594056
2594085
2594545
2594905
2594908
2594908
2594908
2594994
2594994
2594994
2594995
2594995
2594996
2594998
2594998
2595001
2595337
2595338
2595342
2595342
2595342
2595342
2595356
2595358
2596266
2596267
2596268
2611354
2611487
2611487
2611490
2611490
2611493
2611495
2611495
2611496
2611496
2611499
2611499
2611500
2611501
2611501
2611502
2611502
2611503
2611503
2611504
2611504
2611505
2611507
2611508
2611509
2611509
2611510
2611510
2611512
2611513
2611515
2611516
2611516
2611516
2611517
2611593
2611593
2611595
2611595
2611596
2611597
2611598
2611599
2611599
2611600
2611600
2611602
2611602
2611604
2611604
2611605
2611605
2613355
2613355
2613356
2613356
2614074
2644040
2644040
2644040
2644040
2644073
2644090
2644091
2666510
2666589
2666589
2666590
2687151
2687152
2687153
2687156
2687156
2687177
2687179
2796203
2796203
2796203
2796209
2872936
2876286
2966556
2999782
2999782
2999796
2999796
2999813
2999814
2999814
2999816
2999816
2999816
2999816
2999817
2999818
2999819
2999820
3000239
3000239
3000239
3000242
3000242
3000709
3000714
3000714
3001320
3001620
3003318
3003323
3005407
3005407
3005407
3025586
3025589
3025591
3027663
3027663
3027693
3029315
3029325
3029329
3029443
3029444
3029446
3033271
3033345
3042346
3048268
3049472
3049473
3049474
3049475
3049476
3049477
3049477
3050192
3050765
3050771
3053403
3053404
3053404
3053916
3053917
3053917
3054023
3054024
3054024
3054025
3054211
3054214
3054232
3058689
3058693
3058694
3060550
3060551
3060552
3061140
3071290
3071329
3098240
3099428
3099428
3099428
3106910
3106911
3106912
3106913
3106914
3107057
3107058
3168449
3168450
3168451
3168452
3168453
3168454
3168455
3171211
